HSF_0193_0684072325_101RAD_N0130001HELI00000_000085J02.png	-613.50214	-669.56134	7.17175	-138.72681	49.30061	-3.57748	0	0	-1	
HSF_0193_0684072334_057RAD_N0130001HELI00001_000085J02.png	-600.27808	-657.64046	7.47277	-136.04852	45.34766	-0.93405	0	0	-1	
HSF_0193_0684072347_079RAD_N0130001HELI00002_000085J02.png	-583.84701	-641.88938	7.49464	-151.83133	42.70389	-5.53921	0	0	-1	
HSF_0193_0684072356_072RAD_N0130001HELI00003_000085J02.png	-587.93793	-639.33188	7.48924	-149.90562	44.20869	-3.26744	0	0	-1	
HSF_0193_0684072366_068RAD_N0130001HELI00004_000085J02.png	-592.15443	-636.37031	7.47392	-152.50259	43.41266	-7.08396	0	0	-1	
HSF_0193_0684072375_060RAD_N0130001HELI00005_000085J02.png	-596.12962	-633.45586	7.39534	-154.39801	41.83487	-9.81457	0	0	-1	
HSF_0193_0684072383_084RAD_N0130001HELI00006_000085J02.png	-599.9576	-630.82838	7.4682	-152.15434	41.41481	-7.07611	0	0	-1	
HSF_0193_0684072392_074RAD_N0130001HELI00007_000085J02.png	-604.08173	-627.99084	7.46538	-152.9342	40.51289	-7.88134	0	0	-1	
HSF_0193_0684072405_064RAD_N0130001HELI00008_000085J02.png	-618.55821	-646.23144	9.08611	-146.36679	44.19749	-5.03025	0	0	-1	
HSF_0193_0684072414_090RAD_N0130001HELI00009_000085J02.png	-629.84022	-659.77947	7.46011	-149.87945	43.95372	-9.08808	0	0	-1	
HNM_0193_0684072284_736RAD_N0130001HELI00496_0000LUJ02.png	-654.60816	-707.83441	-0.34953	152.74018	-2.257	-8.37813	0	0	-1	
HNM_0193_0684072285_593RAD_N0130001HELI00522_0000LUJ02.png	-654.73647	-707.78733	0.12309	152.12166	-3.06477	-5.23155	0	0	-1	
HNM_0193_0684072286_456RAD_N0130001HELI00548_0000LUJ02.png	-654.90615	-707.71226	0.8421	152.57777	-5.6078	-7.7064	0	0	-1	
HNM_0193_0684072287_319RAD_N0130001HELI00574_0000LUJ02.png	-654.98551	-707.68428	1.70203	153.03548	-4.99905	-8.56509	0	0	-1	
HNM_0193_0684072288_181RAD_N0130001HELI00600_0000LUJ02.png	-654.97924	-707.64423	2.58705	153.51585	-5.00668	-7.19031	0	0	-1	
HNM_0193_0684072289_043RAD_N0130001HELI00626_0000LUJ02.png	-654.9592	-707.59015	3.45841	153.51314	-5.86994	-6.88941	0	0	-1	
HNM_0193_0684072289_907RAD_N0130001HELI00652_0000LUJ02.png	-654.94771	-707.60347	4.31314	153.18714	-5.6209	-7.38873	0	0	-1	
HNM_0193_0684072290_772RAD_N0130001HELI00678_0000LUJ02.png	-654.93928	-707.6889	5.17724	153.08379	-4.13435	-8.20914	0	0	-1	
HNM_0193_0684072291_637RAD_N0130001HELI00704_0000LUJ02.png	-654.94833	-707.76101	6.04652	153.15932	-4.80409	-9.50476	0	0	-1	
HNM_0193_0684072292_499RAD_N0130001HELI00730_0000LUJ02.png	-654.89798	-707.88686	6.78497	153.6964	-3.50811	-9.14459	0	0	-1	
HNM_0193_0684072293_356RAD_N0130001HELI00756_0000LUJ02.png	-654.76911	-707.96218	7.24222	153.44718	-2.14906	-8.0388	0	0	-1	
HNM_0193_0684072294_218RAD_N0130001HELI00782_0000LUJ02.png	-654.6301	-708.02031	7.43233	153.19614	-2.29812	-6.78555	0	0	-1	
HNM_0193_0684072295_081RAD_N0130001HELI00808_0000LUJ02.png	-654.5367	-708.03737	7.45481	152.69435	-2.94433	-7.03783	0	0	-1	
HNM_0193_0684072295_943RAD_N0130001HELI00834_0000LUJ02.png	-654.53268	-708.01657	7.46317	152.66558	-3.4325	-8.44419	0	0	-1	
HNM_0193_0684072296_806RAD_N0130001HELI00860_0000LUJ02.png	-654.53895	-708.00897	7.44224	157.33451	-2.13648	-8.01222	0	0	-1	
HNM_0193_0684072297_668RAD_N0130001HELI00886_0000LUJ02.png	-654.60676	-707.95959	7.46241	179.06091	-1.26765	-9.43152	0	0	-1	
HNM_0193_0684072298_531RAD_N0130001HELI00912_0000LUJ02.png	-654.67269	-707.85449	7.45202	-143.08446	0.42274	-9.51953	0	0	-1	
HNM_0193_0684072299_393RAD_N0130001HELI00938_0000LUJ02.png	-654.63786	-707.74075	7.44707	-99.92922	2.23389	-7.77952	0	0	-1	
HNM_0193_0684072300_256RAD_N0130001HELI00964_0000LUJ02.png	-654.64926	-707.71384	7.46801	-64.26941	3.88856	-4.64492	0	0	-1	
HNM_0193_0684072301_119RAD_N0130001HELI00990_0000LUJ02.png	-654.87954	-707.83686	7.50917	-45.95265	4.61443	0.61601	0	0	-1	
HNM_0193_0684072301_983RAD_N0130001HELI01016_0000LUJ02.png	-655.22409	-708.11796	7.4813	-43.31595	4.06051	4.60847	0	0	-1	
HNM_0193_0684072302_847RAD_N0130001HELI01042_0000LUJ02.png	-655.18785	-708.18215	7.48632	-42.94709	2.4688	12.32782	0	0	-1	
HNM_0193_0684072303_706RAD_N0130001HELI01068_0000LUJ02.png	-654.69325	-707.86563	7.41486	-43.61565	2.69953	10.31435	0	0	-1	
HNM_0193_0684072304_568RAD_N0130001HELI01094_0000LUJ02.png	-653.75413	-707.19295	7.31696	-43.5289	1.76627	7.7483	0	0	-1	
HNM_0193_0684072305_431RAD_N0130001HELI01120_0000LUJ02.png	-652.53057	-706.13284	7.48934	-42.81204	1.49826	9.71627	0	0	-1	
HNM_0193_0684072306_293RAD_N0130001HELI01146_0000LUJ02.png	-650.98414	-704.72899	7.49838	-42.80059	1.33836	9.66343	0	0	-1	
HNM_0193_0684072307_156RAD_N0130001HELI01172_0000LUJ02.png	-649.09923	-702.95745	7.44836	-43.28821	2.90464	8.17639	0	0	-1	
HNM_0193_0684072308_018RAD_N0130001HELI01198_0000LUJ02.png	-646.99377	-700.87471	7.44326	-42.45651	3.60282	-1.40204	0	0	-1	
HNM_0193_0684072308_881RAD_N0130001HELI01224_0000LUJ02.png	-644.95423	-698.93919	7.55265	-42.72685	3.33079	1.65205	0	0	-1	
HNM_0193_0684072309_743RAD_N0130001HELI01250_0000LUJ02.png	-642.8776	-696.9477	7.61553	-42.87513	3.40816	1.00917	0	0	-1	
HNM_0193_0684072310_608RAD_N0130001HELI01276_0000LUJ02.png	-640.81073	-694.94351	7.56831	-43.10276	3.27533	-0.33957	0	0	-1	
HNM_0193_0684072311_473RAD_N0130001HELI01302_0000LUJ02.png	-638.67839	-693.10308	7.43306	-43.30069	1.71778	0.7918	0	0	-1	
HNM_0193_0684072312_336RAD_N0130001HELI01328_0000LUJ02.png	-636.68354	-691.11317	7.45527	-43.04759	3.84012	1.52946	0	0	-1	
HNM_0193_0684072313_193RAD_N0130001HELI01354_0000LUJ02.png	-634.60159	-689.12676	7.38886	-43.48482	3.38565	0.22978	0	0	-1	
HNM_0193_0684072314_056RAD_N0130001HELI01380_0000LUJ02.png	-632.5437	-687.21363	7.43757	-42.93277	3.02576	1.03195	0	0	-1	
HNM_0193_0684072314_918RAD_N0130001HELI01406_0000LUJ02.png	-630.56321	-685.30877	7.47593	-42.99743	4.11403	2.24712	0	0	-1	
HNM_0193_0684072315_781RAD_N0130001HELI01432_0000LUJ02.png	-628.44546	-683.43275	7.47094	-43.24075	2.7813	1.75693	0	0	-1	
HNM_0193_0684072316_643RAD_N0130001HELI01458_0000LUJ02.png	-626.3689	-681.59133	7.51824	-42.54199	2.25732	2.96952	0	0	-1	
HNM_0193_0684072317_506RAD_N0130001HELI01484_0000LUJ02.png	-624.34021	-679.49271	7.54793	-43.19878	4.39154	0.89279	0	0	-1	
HNM_0193_0684072318_368RAD_N0130001HELI01510_0000LUJ02.png	-622.20896	-677.50277	7.41773	-43.51165	4.04306	0.59966	0	0	-1	
HNM_0193_0684072319_231RAD_N0130001HELI01536_0000LUJ02.png	-620.11698	-675.51751	7.42322	-44.09645	4.64222	-1.80301	0	0	-1	
HNM_0193_0684072320_094RAD_N0130001HELI01562_0000LUJ02.png	-618.47485	-673.20639	7.51785	-42.91714	8.44011	-9.17879	0	0	-1	
HNM_0193_0684072320_956RAD_N0130001HELI01588_0000LUJ02.png	-617.0482	-671.44468	7.69919	-43.20157	5.06519	-9.60274	0	0	-1	
HNM_0193_0684072321_821RAD_N0130001HELI01614_0000LUJ02.png	-615.75076	-670.15975	7.64105	-43.23938	3.83369	-11.90145	0	0	-1	
HNM_0193_0684072322_684RAD_N0130001HELI01640_0000LUJ02.png	-614.6868	-669.39028	7.41311	-43.5169	3.02211	-12.25669	0	0	-1	
HNM_0193_0684072323_543RAD_N0130001HELI01666_0000LUJ02.png	-613.98116	-669.0736	7.30962	-43.4827	3.97493	-11.84188	0	0	-1	
HNM_0193_0684072324_406RAD_N0130001HELI01692_0000LUJ02.png	-613.61027	-669.22418	7.22229	-43.15959	3.54202	-7.31529	0	0	-1	
HNM_0193_0684072325_268RAD_N0130001HELI01718_0000LUJ02.png	-613.44567	-669.59727	7.13844	-43.51567	-0.01888	-0.96899	0	0	-1	
HNM_0193_0684072326_131RAD_N0130001HELI01744_0000LUJ02.png	-613.33992	-669.86109	7.14544	-42.95738	0.45916	4.56517	0	0	-1	
HNM_0193_0684072326_993RAD_N0130001HELI01770_0000LUJ02.png	-613.14265	-669.83853	7.2339	-43.62178	1.02919	9.51101	0	0	-1	
HNM_0193_0684072327_856RAD_N0130001HELI01796_0000LUJ02.png	-612.58392	-669.33469	7.40873	-43.11006	1.65937	8.10873	0	0	-1	
HNM_0193_0684072328_721RAD_N0130001HELI01822_0000LUJ02.png	-611.79419	-668.4861	7.55826	-42.63718	2.9462	10.81676	0	0	-1	
HNM_0193_0684072329_586RAD_N0130001HELI01848_0000LUJ02.png	-610.67451	-667.25059	7.60726	-43.09681	5.25034	9.50772	0	0	-1	
HNM_0193_0684072330_449RAD_N0130001HELI01874_0000LUJ02.png	-609.23663	-665.65895	7.55761	-43.03898	5.1284	10.72534	0	0	-1	
HNM_0193_0684072331_306RAD_N0130001HELI01900_0000LUJ02.png	-607.5227	-663.72537	7.60537	-43.36875	6.42635	4.57649	0	0	-1	
HNM_0193_0684072332_168RAD_N0130001HELI01926_0000LUJ02.png	-605.62528	-661.70901	8.09319	-42.40087	6.71986	0.46948	0	0	-1	
HNM_0193_0684072333_031RAD_N0130001HELI01952_0000LUJ02.png	-603.20035	-659.76875	7.97716	-42.51003	0.97083	-4.50721	0	0	-1	
HNM_0193_0684072333_893RAD_N0130001HELI01978_0000LUJ02.png	-600.69753	-658.03669	7.54404	-42.56124	-1.89771	-5.21175	0	0	-1	
HNM_0193_0684072334_756RAD_N0130001HELI02004_0000LUJ02.png	-598.42672	-656.16086	7.17814	-43.23789	-0.76594	-4.18242	0	0	-1	
HNM_0193_0684072335_618RAD_N0130001HELI02030_0000LUJ02.png	-596.49002	-654.07884	6.82192	-43.28517	4.04325	-3.60225	0	0	-1	
HNM_0193_0684072336_482RAD_N0130001HELI02056_0000LUJ02.png	-594.78445	-652.07443	6.7295	-43.62938	6.24171	0.19554	0	0	-1	
HNM_0193_0684072337_347RAD_N0130001HELI02082_0000LUJ02.png	-592.76118	-650.08896	7.02483	-43.12264	4.13283	-2.02094	0	0	-1	
HNM_0193_0684072338_211RAD_N0130001HELI02108_0000LUJ02.png	-590.55013	-648.14707	7.498	-42.80091	2.26854	-5.5158	0	0	-1	
HNM_0193_0684072339_075RAD_N0130001HELI02134_0000LUJ02.png	-588.38014	-646.22638	7.58042	-42.66372	-0.47146	-16.78497	0	0	-1	
HNM_0193_0684072339_931RAD_N0130001HELI02160_0000LUJ02.png	-586.83117	-644.68119	7.49676	-43.1104	2.79755	-15.08514	0	0	-1	
HNM_0193_0684072340_793RAD_N0130001HELI02186_0000LUJ02.png	-585.70049	-643.43101	7.32061	-43.68039	4.3455	-12.30779	0	0	-1	
HNM_0193_0684072341_656RAD_N0130001HELI02212_0000LUJ02.png	-584.7359	-642.60761	7.26787	-43.2906	0.9302	-14.12589	0	0	-1	
HNM_0193_0684072342_518RAD_N0130001HELI02238_0000LUJ02.png	-584.10879	-642.16074	7.2959	-43.23581	1.30669	-13.65745	0	0	-1	
HNM_0193_0684072343_381RAD_N0130001HELI02264_0000LUJ02.png	-583.92798	-641.95399	7.40549	-43.54916	2.07883	-10.06507	0	0	-1	
HNM_0193_0684072344_243RAD_N0130001HELI02290_0000LUJ02.png	-583.87263	-642.03292	7.48663	-43.51959	1.79809	-3.93061	0	0	-1	
HNM_0193_0684072345_106RAD_N0130001HELI02316_0000LUJ02.png	-583.80844	-641.97078	7.49717	-49.9868	2.06168	-6.4005	0	0	-1	
HNM_0193_0684072345_968RAD_N0130001HELI02342_0000LUJ02.png	-583.81884	-641.90762	7.48461	-55.6946	2.43589	-6.52384	0	0	-1	
HNM_0193_0684072346_831RAD_N0130001HELI02368_0000LUJ02.png	-583.83808	-641.84231	7.48583	-55.30412	2.44745	-7.22609	0	0	-1	
HNM_0193_0684072347_693RAD_N0130001HELI02394_0000LUJ02.png	-583.78767	-641.96466	7.47615	-55.41199	0.41497	-5.70747	0	0	-1	
HNM_0193_0684072348_556RAD_N0130001HELI02420_0000LUJ02.png	-583.81197	-641.98161	7.46904	-54.85748	-2.63738	-5.99803	0	0	-1	
HNM_0193_0684072349_418RAD_N0130001HELI02446_0000LUJ02.png	-583.95297	-641.89826	7.47578	-55.1359	-9.76288	-7.08185	0	0	-1	
HNM_0193_0684072350_281RAD_N0130001HELI02472_0000LUJ02.png	-584.63423	-641.52781	7.43587	-55.51771	-6.58545	-5.21849	0	0	-1	
HNM_0193_0684072351_143RAD_N0130001HELI02498_0000LUJ02.png	-585.83914	-640.72579	7.43413	-55.75335	-0.11126	-5.39845	0	0	-1	
HNM_0193_0684072352_007RAD_N0130001HELI02524_0000LUJ02.png	-586.9904	-639.9579	7.45344	-55.45666	11.15975	-4.45093	0	0	-1	
HNM_0193_0684072352_872RAD_N0130001HELI02550_0000LUJ02.png	-587.52677	-639.50791	7.50177	-55.07605	8.19059	-6.3165	0	0	-1	
HNM_0193_0684072353_737RAD_N0130001HELI02576_0000LUJ02.png	-587.84934	-639.24466	7.48412	-55.33626	9.19667	-6.87738	0	0	-1	
HNM_0193_0684072354_599RAD_N0130001HELI02602_0000LUJ02.png	-587.85589	-639.29841	7.42385	-55.28249	-0.93907	-5.69618	0	0	-1	
HNM_0193_0684072355_456RAD_N0130001HELI02628_0000LUJ02.png	-587.91759	-639.29641	7.448	-55.09804	0.40473	-4.94975	0	0	-1	
HNM_0193_0684072356_324RAD_N0130001HELI02654_0000LUJ02.png	-587.94339	-639.2931	7.47074	-54.97451	0.87894	-5.92158	0	0	-1	
HNM_0193_0684072357_181RAD_N0130001HELI02680_0000LUJ02.png	-587.92412	-639.29439	7.46296	-54.92533	0.44662	-6.16378	0	0	-1	
HNM_0193_0684072358_043RAD_N0130001HELI02706_0000LUJ02.png	-587.99425	-639.26786	7.45278	-54.97258	1.02935	-5.60043	0	0	-1	
HNM_0193_0684072358_906RAD_N0130001HELI02732_0000LUJ02.png	-587.97837	-639.28858	7.4121	-55.00924	-4.88455	-6.20874	0	0	-1	
HNM_0193_0684072359_768RAD_N0130001HELI02758_0000LUJ02.png	-588.19723	-639.15036	7.35194	-55.51569	-8.99184	-5.12916	0	0	-1	
HNM_0193_0684072360_631RAD_N0130001HELI02784_0000LUJ02.png	-588.82266	-638.68044	7.51692	-54.73484	-9.81579	-6.60402	0	0	-1	
HNM_0193_0684072361_495RAD_N0130001HELI02810_0000LUJ02.png	-589.89349	-637.89602	7.50244	-55.18243	-0.79333	-6.73747	0	0	-1	
HNM_0193_0684072362_358RAD_N0130001HELI02836_0000LUJ02.png	-590.96809	-637.10417	7.48176	-55.60448	11.30959	-6.75287	0	0	-1	
HNM_0193_0684072363_218RAD_N0130001HELI02862_0000LUJ02.png	-591.6671	-636.61804	7.44917	-55.33191	11.79465	-6.70164	0	0	-1	
HNM_0193_0684072364_081RAD_N0130001HELI02888_0000LUJ02.png	-592.07962	-636.31966	7.43451	-55.3079	11.95485	-6.2211	0	0	-1	
HNM_0193_0684072364_943RAD_N0130001HELI02914_0000LUJ02.png	-592.04368	-636.35214	7.44685	-54.68852	1.71875	-7.06703	0	0	-1	
HNM_0193_0684072365_806RAD_N0130001HELI02940_0000LUJ02.png	-592.14001	-636.33835	7.4538	-54.82851	3.44286	-6.09324	0	0	-1	
HNM_0193_0684072366_668RAD_N0130001HELI02966_0000LUJ02.png	-592.197	-636.33765	7.46136	-55.07269	3.3533	-5.99761	0	0	-1	
HNM_0193_0684072367_532RAD_N0130001HELI02992_0000LUJ02.png	-592.17279	-636.37822	7.44579	-55.23299	2.65661	-6.19711	0	0	-1	
HNM_0193_0684072368_398RAD_N0130001HELI03018_0000LUJ02.png	-592.11466	-636.44042	7.39548	-55.02899	-8.83065	-6.13282	0	0	-1	
HNM_0193_0684072369_261RAD_N0130001HELI03044_0000LUJ02.png	-592.44327	-636.22828	7.44906	-55.19195	-8.20282	-6.70358	0	0	-1	
HNM_0193_0684072370_125RAD_N0130001HELI03070_0000LUJ02.png	-593.15633	-635.70603	7.55408	-54.61533	-9.60304	-7.13595	0	0	-1	
HNM_0193_0684072370_981RAD_N0130001HELI03096_0000LUJ02.png	-594.34446	-634.80932	7.54615	-55.12865	6.41739	-7.60521	0	0	-1	
HNM_0193_0684072371_843RAD_N0130001HELI03122_0000LUJ02.png	-595.24775	-634.17089	7.57781	-55.65038	13.12078	-7.37421	0	0	-1	
HNM_0193_0684072372_706RAD_N0130001HELI03148_0000LUJ02.png	-595.82336	-633.69292	7.40183	-56.43664	12.78122	-7.75873	0	0	-1	
HNM_0193_0684072373_568RAD_N0130001HELI03174_0000LUJ02.png	-595.9354	-633.51505	7.35067	-55.35086	6.88221	-8.31752	0	0	-1	
HNM_0193_0684072374_431RAD_N0130001HELI03200_0000LUJ02.png	-596.00196	-633.46086	7.32948	-55.13546	4.17429	-8.40097	0	0	-1	
HNM_0193_0684072375_308RAD_N0130001HELI03226_0000LUJ02.png	-596.12067	-633.43498	7.4098	-55.07172	5.31956	-7.34673	0	0	-1	
HNM_0193_0684072376_159RAD_N0130001HELI03252_0000LUJ02.png	-596.22154	-633.4111	7.46712	-54.63674	1.75494	-7.63737	0	0	-1	
HNM_0193_0684072377_020RAD_N0130001HELI03278_0000LUJ02.png	-596.35221	-633.3286	7.4407	-55.38423	-5.48897	-7.67339	0	0	-1	
HNM_0193_0684072377_883RAD_N0130001HELI03304_0000LUJ02.png	-596.86064	-632.88272	7.49539	-54.75289	-5.51952	-8.97064	0	0	-1	
HNM_0193_0684072378_743RAD_N0130001HELI03330_0000LUJ02.png	-597.75836	-632.21959	7.52904	-55.24096	0.14608	-8.85215	0	0	-1	
HNM_0193_0684072379_606RAD_N0130001HELI03356_0000LUJ02.png	-598.91738	-631.47453	7.3574	-56.04494	12.80266	-7.24133	0	0	-1	
HNM_0193_0684072380_468RAD_N0130001HELI03382_0000LUJ02.png	-599.48952	-630.99875	7.49429	-55.455	11.39324	-9.12739	0	0	-1	
HNM_0193_0684072381_331RAD_N0130001HELI03408_0000LUJ02.png	-599.84457	-630.77575	7.50035	-55.38219	12.83666	-8.64666	0	0	-1	
HNM_0193_0684072382_193RAD_N0130001HELI03434_0000LUJ02.png	-599.87622	-630.81667	7.41897	-55.19371	2.447	-7.89076	0	0	-1	
HNM_0193_0684072383_056RAD_N0130001HELI03460_0000LUJ02.png	-599.93762	-630.81427	7.44996	-54.61856	3.39641	-7.98937	0	0	-1	
HNM_0193_0684072383_918RAD_N0130001HELI03486_0000LUJ02.png	-599.99687	-630.77781	7.46593	-54.89668	4.26892	-8.39588	0	0	-1	
HNM_0193_0684072384_782RAD_N0130001HELI03512_0000LUJ02.png	-600.05825	-630.74475	7.47027	-54.63156	4.39376	-8.57997	0	0	-1	
HNM_0193_0684072385_647RAD_N0130001HELI03538_0000LUJ02.png	-600.09357	-630.77495	7.40788	-55.05358	-3.09606	-8.56295	0	0	-1	
HNM_0193_0684072386_511RAD_N0130001HELI03564_0000LUJ02.png	-600.42277	-630.63896	7.38119	-55.16352	-4.45904	-7.31951	0	0	-1	
HNM_0193_0684072387_375RAD_N0130001HELI03590_0000LUJ02.png	-601.08227	-630.12768	7.53896	-54.80339	-6.45032	-8.71193	0	0	-1	
HNM_0193_0684072388_231RAD_N0130001HELI03616_0000LUJ02.png	-602.09692	-629.39282	7.56093	-55.14975	3.10562	-8.94838	0	0	-1	
HNM_0193_0684072389_093RAD_N0130001HELI03642_0000LUJ02.png	-603.13017	-628.68266	7.45137	-55.8222	13.29066	-7.95829	0	0	-1	
HNM_0193_0684072389_956RAD_N0130001HELI03668_0000LUJ02.png	-603.79135	-628.22098	7.4177	-55.58781	13.83184	-8.07866	0	0	-1	
HNM_0193_0684072390_818RAD_N0130001HELI03694_0000LUJ02.png	-604.09189	-627.99424	7.41455	-55.37423	11.73742	-7.98135	0	0	-1	
HNM_0193_0684072391_681RAD_N0130001HELI03720_0000LUJ02.png	-604.08237	-627.98204	7.4598	-54.81227	4.6019	-9.29055	0	0	-1	
HNM_0193_0684072392_543RAD_N0130001HELI03746_0000LUJ02.png	-604.02835	-627.96641	7.4436	-55.04891	4.08571	-9.16251	0	0	-1	
HNM_0193_0684072393_406RAD_N0130001HELI03772_0000LUJ02.png	-604.01363	-627.94934	7.44884	-55.13166	3.79539	-8.87516	0	0	-1	
HNM_0193_0684072394_268RAD_N0130001HELI03798_0000LUJ02.png	-603.99381	-627.95632	7.4579	-52.55418	4.59722	-8.60692	0	0	-1	
HNM_0193_0684072395_131RAD_N0130001HELI03824_0000LUJ02.png	-603.96856	-627.95301	7.45506	-50.97512	3.81437	-9.2287	0	0	-1	
HNM_0193_0684072395_995RAD_N0130001HELI03850_0000LUJ02.png	-603.92948	-627.99151	7.39856	-51.43832	3.55725	-18.66138	0	0	-1	
HNM_0193_0684072396_858RAD_N0130001HELI03876_0000LUJ02.png	-604.34815	-628.42844	7.46999	-51.17024	4.82083	-18.39071	0	0	-1	
HNM_0193_0684072397_718RAD_N0130001HELI03902_0000LUJ02.png	-604.94706	-629.14963	7.49919	-50.75522	4.08203	-20.18344	0	0	-1	
HNM_0193_0684072398_581RAD_N0130001HELI03928_0000LUJ02.png	-605.92764	-630.35711	7.47321	-51.04396	4.84075	-18.29698	0	0	-1	
HNM_0193_0684072399_443RAD_N0130001HELI03954_0000LUJ02.png	-607.24163	-631.93198	7.47236	-50.93991	5.3573	-18.52309	0	0	-1	
HNM_0193_0684072400_306RAD_N0130001HELI03980_0000LUJ02.png	-609.05388	-634.03452	7.32506	-51.67339	5.33613	-13.23593	0	0	-1	
HNM_0193_0684072401_168RAD_N0130001HELI04006_0000LUJ02.png	-611.15419	-636.57435	7.02955	-51.75663	5.23726	-2.998	0	0	-1	
HNM_0193_0684072402_031RAD_N0130001HELI04032_0000LUJ02.png	-612.68804	-638.28124	6.40076	-52.1058	7.05631	-15.81444	0	0	-1	
HNM_0193_0684072402_893RAD_N0130001HELI04058_0000LUJ02.png	-613.98995	-640.00983	6.80445	-51.30719	4.93459	-21.33326	0	0	-1	
HNM_0193_0684072403_756RAD_N0130001HELI04084_0000LUJ02.png	-615.59481	-642.30334	7.98412	-49.713	3.85095	-12.74676	0	0	-1	
HNM_0193_0684072404_619RAD_N0130001HELI04110_0000LUJ02.png	-617.4604	-644.83367	8.90317	-49.58498	1.34949	-7.9393	0	0	-1	
HNM_0193_0684072405_481RAD_N0130001HELI04136_0000LUJ02.png	-619.58326	-647.53237	9.13182	-50.52395	2.28028	-1.4883	0	0	-1	
HNM_0193_0684072406_343RAD_N0130001HELI04162_0000LUJ02.png	-621.75235	-650.17332	9.04713	-51.31353	3.52131	1.48425	0	0	-1	
HNM_0193_0684072407_206RAD_N0130001HELI04188_0000LUJ02.png	-623.6931	-652.50587	8.58152	-52.00572	3.54306	-1.92425	0	0	-1	
HNM_0193_0684072408_068RAD_N0130001HELI04214_0000LUJ02.png	-625.57418	-654.82622	8.083	-51.75257	2.96213	6.47905	0	0	-1	
HNM_0193_0684072408_931RAD_N0130001HELI04240_0000LUJ02.png	-627.03736	-656.55187	7.61222	-51.66577	4.41622	5.10937	0	0	-1	
HNM_0193_0684072409_793RAD_N0130001HELI04266_0000LUJ02.png	-628.05868	-657.77614	7.43047	-51.8165	3.74634	1.48956	0	0	-1	
HNM_0193_0684072410_656RAD_N0130001HELI04292_0000LUJ02.png	-628.86361	-658.73724	7.47152	-50.97965	3.73415	2.24207	0	0	-1	
HNM_0193_0684072411_518RAD_N0130001HELI04318_0000LUJ02.png	-629.41251	-659.4175	7.44052	-51.40008	3.19161	2.69345	0	0	-1	
HNM_0193_0684072412_381RAD_N0130001HELI04344_0000LUJ02.png	-629.71806	-659.77807	7.4609	-51.08228	3.5942	3.67425	0	0	-1	
HNM_0193_0684072413_247RAD_N0130001HELI04370_0000LUJ02.png	-629.74648	-659.76535	7.43473	-51.04171	3.52853	-6.26914	0	0	-1	
HNM_0193_0684072414_106RAD_N0130001HELI04396_0000LUJ02.png	-629.82488	-659.7571	7.44161	-50.796	4.45721	-5.24351	0	0	-1	
HNM_0193_0684072414_968RAD_N0130001HELI04422_0000LUJ02.png	-629.85269	-659.73748	7.4375	-50.98674	4.34962	-8.74813	0	0	-1	
HNM_0193_0684072415_831RAD_N0130001HELI04448_0000LUJ02.png	-630.03793	-659.89462	7.4343	-50.84666	4.52603	-13.35838	0	0	-1	
HNM_0193_0684072416_693RAD_N0130001HELI04474_0000LUJ02.png	-630.48979	-660.41185	7.441	-50.98123	4.94036	-14.9035	0	0	-1	
HNM_0193_0684072417_556RAD_N0130001HELI04500_0000LUJ02.png	-631.25061	-661.37461	7.4129	-51.09321	3.65879	-13.64458	0	0	-1	
HNM_0193_0684072418_418RAD_N0130001HELI04526_0000LUJ02.png	-632.33836	-662.648	7.41365	-50.74446	5.53111	-13.6865	0	0	-1	
HNM_0193_0684072419_281RAD_N0130001HELI04552_0000LUJ02.png	-633.67543	-664.23576	7.42049	-51.16495	5.55462	-15.25901	0	0	-1	
HNM_0193_0684072420_145RAD_N0130001HELI04578_0000LUJ02.png	-635.33227	-666.22429	7.25282	-51.31668	5.98901	-10.19814	0	0	-1	
HNM_0193_0684072421_008RAD_N0130001HELI04604_0000LUJ02.png	-636.9813	-668.2201	7.18997	-51.58165	6.00886	-10.29145	0	0	-1	
HNM_0193_0684072421_868RAD_N0130001HELI04630_0000LUJ02.png	-638.46452	-670.1357	7.653	-50.04332	4.45963	-14.54492	0	0	-1	
HNM_0193_0684072422_731RAD_N0130001HELI04656_0000LUJ02.png	-640.17583	-672.30307	8.19436	-50.4586	4.30154	-12.16412	0	0	-1	
HNM_0193_0684072423_593RAD_N0130001HELI04682_0000LUJ02.png	-642.04228	-674.5903	8.44928	-50.51387	4.87443	-10.4293	0	0	-1	
HNM_0193_0684072424_456RAD_N0130001HELI04708_0000LUJ02.png	-643.98554	-676.95148	8.61201	-50.88972	5.32777	-7.01809	0	0	-1	
HNM_0193_0684072425_318RAD_N0130001HELI04734_0000LUJ02.png	-645.93409	-679.33608	8.65223	-50.8483	5.95407	-5.7795	0	0	-1	
HNM_0193_0684072426_181RAD_N0130001HELI04760_0000LUJ02.png	-647.78331	-681.7041	8.58329	-51.06908	4.78303	-6.20733	0	0	-1	
HNM_0193_0684072427_043RAD_N0130001HELI04786_0000LUJ02.png	-649.65311	-684.06275	8.46123	-51.09496	4.64047	-4.52079	0	0	-1	
HNM_0193_0684072427_906RAD_N0130001HELI04812_0000LUJ02.png	-651.4044	-686.35069	8.24283	-51.09746	3.90133	-5.66326	0	0	-1	
HNM_0193_0684072428_769RAD_N0130001HELI04838_0000LUJ02.png	-653.11108	-688.57948	7.92394	-51.19803	3.40816	-6.7667	0	0	-1	
HNM_0193_0684072429_634RAD_N0130001HELI04864_0000LUJ02.png	-654.93692	-690.85782	7.55015	-50.88567	3.6691	0.6927	0	0	-1	
HNM_0193_0684072430_500RAD_N0130001HELI04890_0000LUJ02.png	-656.53212	-692.85477	7.31149	-51.55056	4.14971	3.11676	0	0	-1	
HNM_0193_0684072431_362RAD_N0130001HELI04916_0000LUJ02.png	-657.88781	-694.4976	7.13932	-51.22263	4.18983	4.73016	0	0	-1	
HNM_0193_0684072432_218RAD_N0130001HELI04942_0000LUJ02.png	-658.88416	-695.76073	6.98222	-51.46592	4.1524	4.58614	0	0	-1	
HNM_0193_0684072433_081RAD_N0130001HELI04968_0000LUJ02.png	-659.65575	-696.69443	6.93902	-51.57417	4.24364	6.01402	0	0	-1	
HNM_0193_0684072433_943RAD_N0130001HELI04994_0000LUJ02.png	-660.09009	-697.26348	6.94404	-51.45871	3.88541	6.11665	0	0	-1	
HNM_0193_0684072434_806RAD_N0130001HELI05020_0000LUJ02.png	-660.18314	-697.38567	6.93361	-51.55014	4.05986	-0.16342	0	0	-1	
HNM_0193_0684072435_668RAD_N0130001HELI05046_0000LUJ02.png	-660.02519	-697.31278	6.91204	-51.03496	2.92152	-4.69201	0	0	-1	
HNM_0193_0684072436_035RAD_N0130001HELI05057_0000A0J02.png	-660.04875	-697.32186	6.9629	-51.11848	3.15079	-3.53808	0	0	-1	
HNM_0193_0684072436_531RAD_N0130001HELI05072_0000LUJ02.png	-660.10553	-697.36759	6.98031	-50.28952	3.32764	-2.29959	0	0	-1	
HNM_0193_0684072437_097RAD_N0130001HELI05089_0000A0J02.png	-660.10852	-697.38404	6.72868	-49.6569	3.02411	-2.63901	0	0	-1	
HNM_0193_0684072437_393RAD_N0130001HELI05098_0000LUJ02.png	-660.14932	-697.40375	6.52001	-50.39924	3.52166	-2.51405	0	0	-1	
HNM_0193_0684072438_256RAD_N0130001HELI05124_0000LUJ02.png	-660.23881	-697.41756	5.89239	-50.73152	3.90008	-1.86762	0	0	-1	
HNM_0193_0684072439_089RAD_N0130001HELI05149_0000A0J02.png	-660.40878	-697.44948	5.15047	-51.1911	4.5864	-1.19007	0	0	-1	
HNM_0193_0684072439_118RAD_N0130001HELI05150_0000LUJ02.png	-660.424	-697.45667	5.12529	-51.17237	4.71051	-0.92065	0	0	-1	
HNM_0193_0684072439_982RAD_N0130001HELI05176_0000LUJ02.png	-660.46629	-697.41097	4.31619	-51.1546	4.52125	-1.62424	0	0	-1	
HNM_0193_0684072440_845RAD_N0130001HELI05202_0000LUJ02.png	-660.31565	-697.26954	3.42827	-51.30122	3.98184	-4.12446	0	0	-1	
HNM_0193_0684072441_084RAD_N0130001HELI05209_0000A0J02.png	-660.29966	-697.27388	3.19262	-51.10399	3.64236	-3.41838	0	0	-1	
HNM_0193_0684072441_709RAD_N0130001HELI05228_0000LUJ02.png	-660.14834	-697.2043	2.54409	-51.26422	2.64687	-4.06406	0	0	-1	
HNM_0193_0684072442_568RAD_N0130001HELI05254_0000LUJ02.png	-660.0069	-697.13636	1.57832	-51.25462	2.78133	-3.97419	0	0	-1	
HNM_0193_0684072443_099RAD_N0130001HELI05270_0000A0J02.png	-659.91778	-697.11614	0.98034	-51.53648	2.44708	-3.9168	0	0	-1	
HNM_0193_0684072443_431RAD_N0130001HELI05280_0000LUJ02.png	-659.81877	-697.11273	0.63002	-51.68481	2.13178	-4.39252	0	0	-1	
HNM_0193_0684072444_298RAD_N0130001HELI05306_0000LUJ02.png	-659.6898	-696.98577	-0.26567	-52.20922	2.94415	-5.23827	0	0	-1	
